[1m[38;2;232;231;224m[48;2;14;14;16mQUERY CONSOLE[22m[38;2;66;67;71m[48;2;14;14;16m   engine [38;2;112;112;110m[48;2;14;14;16m0.1.1[38;2;174;173;167m[48;2;14;14;16m                                                                        [38;2;112;112;110m[48;2;14;14;16mconnected · 2 tables[39m[49m
[38;2;66;67;71m[48;2;14;14;16m────────────────────────────────────────────────────────────────────────────────────────────────────────────────────────[39m[49m
[38;2;66;67;71m[48;2;20;20;23m╭────────────────────────╮[38;2;174;173;167m[48;2;14;14;16m [38;2;66;67;71m[48;2;20;20;23m╭───────────────────────────────────────────────────────────────────────────────────────────╮[39m[49m
[38;2;66;67;71m[48;2;20;20;23m│[1m[38;2;174;173;167m[48;2;20;20;23m SCHEMA                 [22m[38;2;66;67;71m[48;2;20;20;23m│[38;2;174;173;167m[48;2;14;14;16m [38;2;66;67;71m[48;2;20;20;23m│[1m[38;2;174;173;167m[48;2;20;20;23m EDITOR                                                                                    [22m[38;2;66;67;71m[48;2;20;20;23m│[39m[49m
[38;2;66;67;71m[48;2;20;20;23m├────────────────────────┤[38;2;174;173;167m[48;2;14;14;16m [38;2;66;67;71m[48;2;20;20;23m├───────────────────────────────────────────────────────────────────────────────────────────┤[39m[49m
[38;2;66;67;71m[48;2;20;20;23m│[38;2;112;112;110m[48;2;20;20;23m▸ [1m[38;2;232;231;224m[48;2;20;20;23mruns[22m[38;2;174;173;167m[48;2;20;20;23m                  [38;2;66;67;71m[48;2;20;20;23m│[38;2;174;173;167m[48;2;14;14;16m [38;2;66;67;71m[48;2;20;20;23m│  1 │ [1m[38;2;232;231;224m[48;2;20;20;23mSELECT[22m[38;2;174;173;167m[48;2;20;20;23m seed[38;2;112;112;110m[48;2;20;20;23m,[38;2;174;173;167m[48;2;20;20;23m schedule[38;2;112;112;110m[48;2;20;20;23m,[38;2;174;173;167m[48;2;20;20;23m outcome[38;2;112;112;110m[48;2;20;20;23m,[38;2;174;173;167m[48;2;20;20;23m recovery_ms [1m[38;2;232;231;224m[48;2;20;20;23mFROM[22m[38;2;174;173;167m[48;2;20;20;23m runs [1m[38;2;232;231;224m[48;2;20;20;23mORDER[22m[38;2;174;173;167m[48;2;20;20;23m [1m[38;2;232;231;224m[48;2;20;20;23mBY[22m[38;2;174;173;167m[48;2;20;20;23m recovery_ms [1m[38;2;232;231;224m[48;2;20;20;23mDESC[22m[38;2;174;173;167m[48;2;20;20;23m      [38;2;66;67;71m[48;2;20;20;23m│[39m[49m
[38;2;66;67;71m[48;2;20;20;23m│[38;2;174;173;167m[48;2;20;20;23m    [38;2;66;67;71m[48;2;20;20;23m#[38;2;174;173;167m[48;2;20;20;23m seed              [38;2;66;67;71m[48;2;20;20;23m│[38;2;174;173;167m[48;2;14;14;16m [38;2;66;67;71m[48;2;20;20;23m│[38;2;174;173;167m[48;2;20;20;23m                                                                                           [38;2;66;67;71m[48;2;20;20;23m│[39m[49m
[38;2;66;67;71m[48;2;20;20;23m│[38;2;174;173;167m[48;2;20;20;23m    [38;2;66;67;71m[48;2;20;20;23ms[38;2;174;173;167m[48;2;20;20;23m schedule          [38;2;66;67;71m[48;2;20;20;23m│[38;2;174;173;167m[48;2;14;14;16m [38;2;66;67;71m[48;2;20;20;23m│[38;2;174;173;167m[48;2;20;20;23m                                                                                           [38;2;66;67;71m[48;2;20;20;23m│[39m[49m
[38;2;66;67;71m[48;2;20;20;23m│[38;2;174;173;167m[48;2;20;20;23m    [38;2;66;67;71m[48;2;20;20;23ms[38;2;174;173;167m[48;2;20;20;23m outcome           [38;2;66;67;71m[48;2;20;20;23m│[38;2;174;173;167m[48;2;14;14;16m [38;2;66;67;71m[48;2;20;20;23m│[38;2;174;173;167m[48;2;20;20;23m                                                                                           [38;2;66;67;71m[48;2;20;20;23m│[39m[49m
[38;2;66;67;71m[48;2;20;20;23m│[38;2;174;173;167m[48;2;20;20;23m    [38;2;66;67;71m[48;2;20;20;23m#[38;2;174;173;167m[48;2;20;20;23m faults            [38;2;66;67;71m[48;2;20;20;23m│[38;2;174;173;167m[48;2;14;14;16m [38;2;66;67;71m[48;2;20;20;23m│[38;2;174;173;167m[48;2;20;20;23m                                                                                           [38;2;66;67;71m[48;2;20;20;23m│[39m[49m
[38;2;66;67;71m[48;2;20;20;23m│[38;2;174;173;167m[48;2;20;20;23m    [38;2;66;67;71m[48;2;20;20;23m#[38;2;174;173;167m[48;2;20;20;23m recovery_ms       [38;2;66;67;71m[48;2;20;20;23m│[38;2;174;173;167m[48;2;14;14;16m [38;2;66;67;71m[48;2;20;20;23m│[38;2;174;173;167m[48;2;20;20;23m                                                                                           [38;2;66;67;71m[48;2;20;20;23m│[39m[49m
[38;2;66;67;71m[48;2;20;20;23m│[38;2;174;173;167m[48;2;20;20;23m                        [38;2;66;67;71m[48;2;20;20;23m│[38;2;174;173;167m[48;2;14;14;16m [38;2;66;67;71m[48;2;20;20;23m│[38;2;174;173;167m[48;2;20;20;23m                                                                                           [38;2;66;67;71m[48;2;20;20;23m│[39m[49m
[38;2;66;67;71m[48;2;20;20;23m│[38;2;112;112;110m[48;2;20;20;23m  [38;2;174;173;167m[48;2;20;20;23mschedules             [38;2;66;67;71m[48;2;20;20;23m│[38;2;174;173;167m[48;2;14;14;16m [38;2;66;67;71m[48;2;20;20;23m│[38;2;174;173;167m[48;2;20;20;23m                                                                                           [38;2;66;67;71m[48;2;20;20;23m│[39m[49m
[38;2;66;67;71m[48;2;20;20;23m│[38;2;174;173;167m[48;2;20;20;23m    [38;2;66;67;71m[48;2;20;20;23ms[38;2;174;173;167m[48;2;20;20;23m [38;2;112;112;110m[48;2;20;20;23mname[38;2;174;173;167m[48;2;20;20;23m              [38;2;66;67;71m[48;2;20;20;23m│[38;2;174;173;167m[48;2;14;14;16m [38;2;66;67;71m[48;2;20;20;23m╰───────────────────────────────────────────────────────────────────────────────────────────╯[39m[49m
[38;2;66;67;71m[48;2;20;20;23m│[38;2;174;173;167m[48;2;20;20;23m    [38;2;66;67;71m[48;2;20;20;23m#[38;2;174;173;167m[48;2;20;20;23m [38;2;112;112;110m[48;2;20;20;23mfault_kinds[38;2;174;173;167m[48;2;20;20;23m       [38;2;66;67;71m[48;2;20;20;23m│[38;2;174;173;167m[48;2;14;14;16m                                                                                              [39m[49m
[38;2;66;67;71m[48;2;20;20;23m│[38;2;174;173;167m[48;2;20;20;23m    [38;2;66;67;71m[48;2;20;20;23m#[38;2;174;173;167m[48;2;20;20;23m [38;2;112;112;110m[48;2;20;20;23mseeds[38;2;174;173;167m[48;2;20;20;23m             [38;2;66;67;71m[48;2;20;20;23m│[38;2;174;173;167m[48;2;14;14;16m [38;2;255;176;0m[48;2;20;20;23m╭───────────────────────────────────────────────────────────────────────────────────────────╮[39m[49m
[38;2;66;67;71m[48;2;20;20;23m│[38;2;174;173;167m[48;2;20;20;23m                        [38;2;66;67;71m[48;2;20;20;23m│[38;2;174;173;167m[48;2;14;14;16m [38;2;255;176;0m[48;2;20;20;23m│[1m Query [22m[38;2;174;173;167m[48;2;20;20;23m [38;2;112;112;110m[48;2;20;20;23m History [38;2;174;173;167m[48;2;20;20;23m [38;2;112;112;110m[48;2;20;20;23m Plan [38;2;174;173;167m[48;2;20;20;23m                                                          [38;2;112;112;110m[48;2;20;20;23m(14 rows)[38;2;255;176;0m[48;2;20;20;23m│[39m[49m
[38;2;66;67;71m[48;2;20;20;23m│[38;2;174;173;167m[48;2;20;20;23m                        [38;2;66;67;71m[48;2;20;20;23m│[38;2;174;173;167m[48;2;14;14;16m [38;2;255;176;0m[48;2;20;20;23m├[38;2;66;67;71m[48;2;20;20;23m───────────────────────────────────────────────────────────────────────────────────────────[38;2;255;176;0m[48;2;20;20;23m┤[39m[49m
[38;2;66;67;71m[48;2;20;20;23m│[38;2;174;173;167m[48;2;20;20;23m                        [38;2;66;67;71m[48;2;20;20;23m│[38;2;174;173;167m[48;2;14;14;16m [38;2;255;176;0m[48;2;20;20;23m│[38;2;66;67;71m[48;2;20;20;23m#[38;2;174;173;167m[48;2;20;20;23m [1mseed[22m  [38;2;66;67;71m[48;2;20;20;23ms[38;2;174;173;167m[48;2;20;20;23m [1mschedule[22m   [38;2;66;67;71m[48;2;20;20;23ms[38;2;174;173;167m[48;2;20;20;23m [1moutcome[22m  [38;2;66;67;71m[48;2;20;20;23m#[38;2;174;173;167m[48;2;20;20;23m [1mrecovery_ms[22m                                              [38;2;255;176;0m[48;2;20;20;23m│[39m[49m
[38;2;66;67;71m[48;2;20;20;23m│[38;2;174;173;167m[48;2;20;20;23m                        [38;2;66;67;71m[48;2;20;20;23m│[38;2;174;173;167m[48;2;14;14;16m [38;2;255;176;0m[48;2;20;20;23m├[38;2;66;67;71m[48;2;20;20;23m───────────────────────────────────────────────────────────────────────────────────────────[38;2;255;176;0m[48;2;20;20;23m┤[39m[49m
[38;2;66;67;71m[48;2;20;20;23m│[38;2;174;173;167m[48;2;20;20;23m                        [38;2;66;67;71m[48;2;20;20;23m│[38;2;174;173;167m[48;2;14;14;16m [38;2;255;176;0m[48;2;20;20;23m│[1m[38;2;174;173;167m[48;2;92;64;8m1050  [22m  crash_storm  [38;2;224;106;100m[48;2;92;64;8mfail     [38;2;174;173;167m[48;2;92;64;8m  88.20                                                      [38;2;255;176;0m[48;2;20;20;23m│[39m[49m
[38;2;66;67;71m[48;2;20;20;23m│[38;2;174;173;167m[48;2;20;20;23m                        [38;2;66;67;71m[48;2;20;20;23m│[38;2;174;173;167m[48;2;14;14;16m [38;2;255;176;0m[48;2;20;20;23m│[38;2;174;173;167m[48;2;20;20;23m1047    page_tears   [38;2;224;106;100m[48;2;20;20;23mfail     [38;2;174;173;167m[48;2;20;20;23m  63.10                                                      [38;2;255;176;0m[48;2;20;20;23m│[39m[49m
[38;2;66;67;71m[48;2;20;20;23m│[38;2;174;173;167m[48;2;20;20;23m                        [38;2;66;67;71m[48;2;20;20;23m│[38;2;174;173;167m[48;2;14;14;16m [38;2;255;176;0m[48;2;20;20;23m│[38;2;174;173;167m[48;2;20;20;23m1055    crash_storm  [38;2;122;194;112m[48;2;20;20;23mpass     [38;2;174;173;167m[48;2;20;20;23m  52.60                                                      [38;2;255;176;0m[48;2;20;20;23m│[39m[49m
[38;2;66;67;71m[48;2;20;20;23m│[38;2;174;173;167m[48;2;20;20;23m                        [38;2;66;67;71m[48;2;20;20;23m│[38;2;174;173;167m[48;2;14;14;16m [38;2;255;176;0m[48;2;20;20;23m│[38;2;174;173;167m[48;2;20;20;23m1044    wal_stress   [38;2;224;106;100m[48;2;20;20;23mfail     [38;2;174;173;167m[48;2;20;20;23m  48.75                                                      [38;2;255;176;0m[48;2;20;20;23m│[39m[49m
[38;2;66;67;71m[48;2;20;20;23m│[38;2;174;173;167m[48;2;20;20;23m                        [38;2;66;67;71m[48;2;20;20;23m│[38;2;174;173;167m[48;2;14;14;16m [38;2;255;176;0m[48;2;20;20;23m│[38;2;174;173;167m[48;2;20;20;23m1051    crash_storm  [38;2;122;194;112m[48;2;20;20;23mpass     [38;2;174;173;167m[48;2;20;20;23m  41.05                                                      [38;2;255;176;0m[48;2;20;20;23m│[39m[49m
[38;2;66;67;71m[48;2;20;20;23m│[38;2;174;173;167m[48;2;20;20;23m                        [38;2;66;67;71m[48;2;20;20;23m│[38;2;174;173;167m[48;2;14;14;16m [38;2;255;176;0m[48;2;20;20;23m│[38;2;174;173;167m[48;2;20;20;23m1048    undo_heavy   [38;2;122;194;112m[48;2;20;20;23mpass     [38;2;174;173;167m[48;2;20;20;23m  27.60                                                      [38;2;255;176;0m[48;2;20;20;23m│[39m[49m
[38;2;66;67;71m[48;2;20;20;23m│[38;2;174;173;167m[48;2;20;20;23m                        [38;2;66;67;71m[48;2;20;20;23m│[38;2;174;173;167m[48;2;14;14;16m [38;2;255;176;0m[48;2;20;20;23m│[38;2;174;173;167m[48;2;20;20;23m1049    undo_heavy   [38;2;122;194;112m[48;2;20;20;23mpass     [38;2;174;173;167m[48;2;20;20;23m  24.90                                                      [38;2;255;176;0m[48;2;20;20;23m│[39m[49m
[38;2;66;67;71m[48;2;20;20;23m│[38;2;174;173;167m[48;2;20;20;23m                        [38;2;66;67;71m[48;2;20;20;23m│[38;2;174;173;167m[48;2;14;14;16m [38;2;255;176;0m[48;2;20;20;23m│[38;2;174;173;167m[48;2;20;20;23m1045    wal_stress   [38;2;122;194;112m[48;2;20;20;23mpass     [38;2;174;173;167m[48;2;20;20;23m  21.30                                                      [38;2;255;176;0m[48;2;20;20;23m│[39m[49m
[38;2;66;67;71m[48;2;20;20;23m│[38;2;174;173;167m[48;2;20;20;23m                        [38;2;66;67;71m[48;2;20;20;23m│[38;2;174;173;167m[48;2;14;14;16m [38;2;255;176;0m[48;2;20;20;23m│[38;2;174;173;167m[48;2;20;20;23m1053    wal_stress   [38;2;122;194;112m[48;2;20;20;23mpass     [38;2;174;173;167m[48;2;20;20;23m  19.40                                                      [38;2;255;176;0m[48;2;20;20;23m│[39m[49m
[38;2;66;67;71m[48;2;20;20;23m│[38;2;174;173;167m[48;2;20;20;23m                        [38;2;66;67;71m[48;2;20;20;23m│[38;2;174;173;167m[48;2;14;14;16m [38;2;255;176;0m[48;2;20;20;23m│[38;2;174;173;167m[48;2;20;20;23m1046    page_tears   [38;2;122;194;112m[48;2;20;20;23mpass     [38;2;174;173;167m[48;2;20;20;23m  15.80                                                      [38;2;255;176;0m[48;2;20;20;23m│[39m[49m
[38;2;66;67;71m[48;2;20;20;23m│[38;2;174;173;167m[48;2;20;20;23m                        [38;2;66;67;71m[48;2;20;20;23m│[38;2;174;173;167m[48;2;14;14;16m [38;2;255;176;0m[48;2;20;20;23m│[38;2;174;173;167m[48;2;20;20;23m1054    page_tears   [38;2;122;194;112m[48;2;20;20;23mpass     [38;2;174;173;167m[48;2;20;20;23m  13.20                                                      [38;2;255;176;0m[48;2;20;20;23m│[39m[49m
[38;2;66;67;71m[48;2;20;20;23m│[38;2;174;173;167m[48;2;20;20;23m                        [38;2;66;67;71m[48;2;20;20;23m│[38;2;174;173;167m[48;2;14;14;16m [38;2;255;176;0m[48;2;20;20;23m│[38;2;174;173;167m[48;2;20;20;23m1042    mixed        [38;2;122;194;112m[48;2;20;20;23mpass     [38;2;174;173;167m[48;2;20;20;23m  12.40                                                      [38;2;255;176;0m[48;2;20;20;23m│[39m[49m
[38;2;66;67;71m[48;2;20;20;23m│[38;2;174;173;167m[48;2;20;20;23m                        [38;2;66;67;71m[48;2;20;20;23m│[38;2;174;173;167m[48;2;14;14;16m [38;2;255;176;0m[48;2;20;20;23m│[38;2;174;173;167m[48;2;20;20;23m1043    mixed        [38;2;122;194;112m[48;2;20;20;23mpass     [38;2;174;173;167m[48;2;20;20;23m  9.10                                                       [38;2;255;176;0m[48;2;20;20;23m│[39m[49m
[38;2;66;67;71m[48;2;20;20;23m│[38;2;174;173;167m[48;2;20;20;23m                        [38;2;66;67;71m[48;2;20;20;23m│[38;2;174;173;167m[48;2;14;14;16m [38;2;255;176;0m[48;2;20;20;23m│[38;2;174;173;167m[48;2;20;20;23m1052    mixed        [38;2;122;194;112m[48;2;20;20;23mpass     [38;2;174;173;167m[48;2;20;20;23m  6.75                                                       [38;2;255;176;0m[48;2;20;20;23m│[39m[49m
[38;2;66;67;71m[48;2;20;20;23m│[38;2;174;173;167m[48;2;20;20;23m                        [38;2;66;67;71m[48;2;20;20;23m│[38;2;174;173;167m[48;2;14;14;16m [38;2;255;176;0m[48;2;20;20;23m│[38;2;174;173;167m[48;2;20;20;23m                                                                                           [38;2;255;176;0m[48;2;20;20;23m│[39m[49m
[38;2;66;67;71m[48;2;20;20;23m│[38;2;174;173;167m[48;2;20;20;23m                        [38;2;66;67;71m[48;2;20;20;23m│[38;2;174;173;167m[48;2;14;14;16m [38;2;255;176;0m[48;2;20;20;23m│[38;2;174;173;167m[48;2;20;20;23m                                                                                           [38;2;255;176;0m[48;2;20;20;23m│[39m[49m
[38;2;66;67;71m[48;2;20;20;23m│[38;2;174;173;167m[48;2;20;20;23m                        [38;2;66;67;71m[48;2;20;20;23m│[38;2;174;173;167m[48;2;14;14;16m [38;2;255;176;0m[48;2;20;20;23m│[38;2;174;173;167m[48;2;20;20;23m                                                                                           [38;2;255;176;0m[48;2;20;20;23m│[39m[49m
[38;2;66;67;71m[48;2;20;20;23m│[38;2;174;173;167m[48;2;20;20;23m                        [38;2;66;67;71m[48;2;20;20;23m│[38;2;174;173;167m[48;2;14;14;16m [38;2;255;176;0m[48;2;20;20;23m│[38;2;174;173;167m[48;2;20;20;23m                                                                                           [38;2;255;176;0m[48;2;20;20;23m│[39m[49m
[38;2;66;67;71m[48;2;20;20;23m╰────────────────────────╯[38;2;174;173;167m[48;2;14;14;16m [38;2;255;176;0m[48;2;20;20;23m╰───────────────────────────────────────────────────────────────────────────────────────────╯[39m[49m
[38;2;174;173;167m[48;2;14;14;16m ↵ [38;2;66;67;71m[48;2;14;14;16mrun[38;2;174;173;167m[48;2;14;14;16m   ↑↓←→ [38;2;66;67;71m[48;2;14;14;16mcells[38;2;174;173;167m[48;2;14;14;16m   F2/F3/F4 [38;2;66;67;71m[48;2;14;14;16mtabs[38;2;174;173;167m[48;2;14;14;16m   ⌫ [38;2;66;67;71m[48;2;14;14;16medit[38;2;174;173;167m[48;2;14;14;16m   Tab [38;2;66;67;71m[48;2;14;14;16mdashboard   [38;2;174;173;167m[48;2;14;14;16mq [38;2;66;67;71m[48;2;14;14;16mquit[38;2;174;173;167m[48;2;14;14;16m                                                   [39m[49m
